#
# Ionization fraction vs T for C
#   logT = 3.95 to 7.00
# Calculated using the CHIANTI v9 atomic database and ChiantiPy
#
# logT = log10 of temperature in K
# I..VII = ionization stage of carbon
#
logT  I      II     III    IV     V      VI     VII    
3.95 0.9930 0.0070 0.0000 0.0000 0.0000 0.0000 0.0000 
3.96 0.9901 0.0099 0.0000 0.0000 0.0000 0.0000 0.0000 
3.97 0.9861 0.0139 0.0000 0.0000 0.0000 0.0000 0.0000 
3.98 0.9806 0.0194 0.0000 0.0000 0.0000 0.0000 0.0000 
3.99 0.9733 0.0267 0.0000 0.0000 0.0000 0.0000 0.0000 
4.00 0.9635 0.0365 0.0000 0.0000 0.0000 0.0000 0.0000 
4.01 0.9506 0.0494 0.0000 0.0000 0.0000 0.0000 0.0000 
4.02 0.9339 0.0661 0.0000 0.0000 0.0000 0.0000 0.0000 
4.03 0.9127 0.0873 0.0000 0.0000 0.0000 0.0000 0.0000 
4.04 0.8861 0.1139 0.0000 0.0000 0.0000 0.0000 0.0000 
4.05 0.8537 0.1463 0.0000 0.0000 0.0000 0.0000 0.0000 
4.06 0.8149 0.1851 0.0000 0.0000 0.0000 0.0000 0.0000 
4.07 0.7699 0.2301 0.0000 0.0000 0.0000 0.0000 0.0000 
4.08 0.7191 0.2809 0.0000 0.0000 0.0000 0.0000 0.0000 
4.09 0.6635 0.3365 0.0000 0.0000 0.0000 0.0000 0.0000 
4.10 0.6046 0.3954 0.0000 0.0000 0.0000 0.0000 0.0000 
4.11 0.5443 0.4557 0.0000 0.0000 0.0000 0.0000 0.0000 
4.12 0.4843 0.5157 0.0000 0.0000 0.0000 0.0000 0.0000 
4.13 0.4266 0.5734 0.0000 0.0000 0.0000 0.0000 0.0000 
4.14 0.3725 0.6275 0.0000 0.0000 0.0000 0.0000 0.0000 
4.15 0.3230 0.6770 0.0000 0.0000 0.0000 0.0000 0.0000 
4.16 0.2786 0.7214 0.0000 0.0000 0.0000 0.0000 0.0000 
4.17 0.2396 0.7604 0.0000 0.0000 0.0000 0.0000 0.0000 
4.18 0.2057 0.7943 0.0000 0.0000 0.0000 0.0000 0.0000 
4.19 0.1766 0.8234 0.0000 0.0000 0.0000 0.0000 0.0000 
4.20 0.1518 0.8482 0.0000 0.0000 0.0000 0.0000 0.0000 
4.21 0.1308 0.8692 0.0000 0.0000 0.0000 0.0000 0.0000 
4.22 0.1131 0.8869 0.0000 0.0000 0.0000 0.0000 0.0000 
4.23 0.0981 0.9019 0.0001 0.0000 0.0000 0.0000 0.0000 
4.24 0.0855 0.9145 0.0001 0.0000 0.0000 0.0000 0.0000 
4.25 0.0748 0.9251 0.0001 0.0000 0.0000 0.0000 0.0000 
4.26 0.0658 0.9340 0.0002 0.0000 0.0000 0.0000 0.0000 
4.27 0.0581 0.9416 0.0003 0.0000 0.0000 0.0000 0.0000 
4.28 0.0516 0.9480 0.0004 0.0000 0.0000 0.0000 0.0000 
4.29 0.0460 0.9534 0.0006 0.0000 0.0000 0.0000 0.0000 
4.30 0.0413 0.9580 0.0008 0.0000 0.0000 0.0000 0.0000 
4.31 0.0371 0.9618 0.0011 0.0000 0.0000 0.0000 0.0000 
4.32 0.0335 0.9650 0.0015 0.0000 0.0000 0.0000 0.0000 
4.33 0.0304 0.9676 0.0020 0.0000 0.0000 0.0000 0.0000 
4.34 0.0277 0.9697 0.0026 0.0000 0.0000 0.0000 0.0000 
4.36 0.0253 0.9712 0.0035 0.0000 0.0000 0.0000 0.0000 
4.37 0.0231 0.9723 0.0046 0.0000 0.0000 0.0000 0.0000 
4.38 0.0212 0.9728 0.0059 0.0000 0.0000 0.0000 0.0000 
4.39 0.0196 0.9728 0.0076 0.0000 0.0000 0.0000 0.0000 
4.40 0.0180 0.9722 0.0097 0.0000 0.0000 0.0000 0.0000 
4.41 0.0167 0.9710 0.0123 0.0000 0.0000 0.0000 0.0000 
4.42 0.0154 0.9691 0.0155 0.0000 0.0000 0.0000 0.0000 
4.43 0.0143 0.9664 0.0193 0.0000 0.0000 0.0000 0.0000 
4.44 0.0132 0.9629 0.0239 0.0000 0.0000 0.0000 0.0000 
4.45 0.0123 0.9584 0.0293 0.0000 0.0000 0.0000 0.0000 
4.46 0.0114 0.9529 0.0358 0.0000 0.0000 0.0000 0.0000 
4.47 0.0106 0.9461 0.0433 0.0000 0.0000 0.0000 0.0000 
4.48 0.0098 0.9381 0.0521 0.0000 0.0000 0.0000 0.0000 
4.49 0.0091 0.9287 0.0622 0.0000 0.0000 0.0000 0.0000 
4.50 0.0084 0.9178 0.0738 0.0000 0.0000 0.0000 0.0000 
4.51 0.0078 0.9052 0.0870 0.0000 0.0000 0.0000 0.0000 
4.52 0.0072 0.8909 0.1019 0.0000 0.0000 0.0000 0.0000 
4.53 0.0067 0.8748 0.1185 0.0000 0.0000 0.0000 0.0000 
4.54 0.0062 0.8568 0.1370 0.0000 0.0000 0.0000 0.0000 
4.55 0.0057 0.8369 0.1574 0.0000 0.0000 0.0000 0.0000 
4.56 0.0052 0.8151 0.1797 0.0000 0.0000 0.0000 0.0000 
4.57 0.0048 0.7915 0.2037 0.0000 0.0000 0.0000 0.0000 
4.58 0.0043 0.7661 0.2295 0.0000 0.0000 0.0000 0.0000 
4.59 0.0040 0.7391 0.2569 0.0000 0.0000 0.0000 0.0000 
4.60 0.0036 0.7106 0.2858 0.0000 0.0000 0.0000 0.0000 
4.61 0.0033 0.6808 0.3159 0.0000 0.0000 0.0000 0.0000 
4.62 0.0029 0.6500 0.3471 0.0000 0.0000 0.0000 0.0000 
4.63 0.0026 0.6184 0.3789 0.0001 0.0000 0.0000 0.0000 
4.64 0.0024 0.5863 0.4112 0.0001 0.0000 0.0000 0.0000 
4.65 0.0021 0.5540 0.4437 0.0001 0.0000 0.0000 0.0000 
4.66 0.0019 0.5218 0.4762 0.0002 0.0000 0.0000 0.0000 
4.67 0.0017 0.4899 0.5082 0.0002 0.0000 0.0000 0.0000 
4.68 0.0015 0.4586 0.5396 0.0003 0.0000 0.0000 0.0000 
4.69 0.0013 0.4281 0.5701 0.0004 0.0000 0.0000 0.0000 
4.70 0.0012 0.3986 0.5996 0.0006 0.0000 0.0000 0.0000 
4.71 0.0010 0.3702 0.6279 0.0008 0.0000 0.0000 0.0000 
4.72 0.0009 0.3431 0.6549 0.0011 0.0000 0.0000 0.0000 
4.73 0.0008 0.3174 0.6804 0.0014 0.0000 0.0000 0.0000 
4.74 0.0007 0.2931 0.7043 0.0019 0.0000 0.0000 0.0000 
4.75 0.0006 0.2702 0.7267 0.0025 0.0000 0.0000 0.0000 
4.76 0.0005 0.2487 0.7475 0.0033 0.0000 0.0000 0.0000 
4.77 0.0005 0.2286 0.7667 0.0042 0.0000 0.0000 0.0000 
4.78 0.0004 0.2100 0.7842 0.0054 0.0000 0.0000 0.0000 
4.79 0.0004 0.1926 0.8000 0.0069 0.0000 0.0000 0.0000 
4.80 0.0003 0.1766 0.8143 0.0088 0.0000 0.0000 0.0000 
4.81 0.0003 0.1617 0.8268 0.0111 0.0001 0.0000 0.0000 
4.82 0.0002 0.1480 0.8377 0.0140 0.0001 0.0000 0.0000 
4.83 0.0002 0.1353 0.8469 0.0174 0.0002 0.0000 0.0000 
4.84 0.0002 0.1236 0.8544 0.0216 0.0002 0.0000 0.0000 
4.85 0.0002 0.1128 0.8600 0.0266 0.0004 0.0000 0.0000 
4.86 0.0001 0.1029 0.8638 0.0325 0.0006 0.0000 0.0000 
4.87 0.0001 0.0938 0.8655 0.0396 0.0010 0.0000 0.0000 
4.88 0.0001 0.0853 0.8651 0.0479 0.0016 0.0000 0.0000 
4.89 0.0001 0.0775 0.8623 0.0576 0.0025 0.0000 0.0000 
4.90 0.0001 0.0703 0.8570 0.0689 0.0038 0.0000 0.0000 
4.91 0.0001 0.0636 0.8488 0.0817 0.0058 0.0000 0.0000 
4.92 0.0001 0.0574 0.8375 0.0964 0.0087 0.0000 0.0000 
4.93 0.0000 0.0516 0.8227 0.1128 0.0129 0.0000 0.0000 
4.94 0.0000 0.0462 0.8041 0.1309 0.0188 0.0000 0.0000 
4.95 0.0000 0.0412 0.7812 0.1505 0.0270 0.0000 0.0000 
4.96 0.0000 0.0365 0.7536 0.1714 0.0384 0.0000 0.0000 
4.97 0.0000 0.0321 0.7210 0.1931 0.0537 0.0000 0.0000 
4.98 0.0000 0.0280 0.6833 0.2148 0.0739 0.0000 0.0000 
4.99 0.0000 0.0242 0.6403 0.2357 0.0997 0.0000 0.0000 
5.00 0.0000 0.0206 0.5925 0.2547 0.1321 0.0000 0.0000 
5.01 0.0000 0.0174 0.5406 0.2706 0.1714 0.0000 0.0000 
5.02 0.0000 0.0144 0.4856 0.2824 0.2175 0.0000 0.0000 
5.03 0.0000 0.0118 0.4291 0.2892 0.2698 0.0000 0.0000 
5.04 0.0000 0.0095 0.3729 0.2906 0.3271 0.0000 0.0000 
5.05 0.0000 0.0075 0.3186 0.2863 0.3876 0.0000 0.0000 
5.06 0.0000 0.0058 0.2679 0.2770 0.4493 0.0000 0.0000 
5.07 0.0000 0.0045 0.2219 0.2635 0.5102 0.0000 0.0000 
5.08 0.0000 0.0034 0.1814 0.2467 0.5684 0.0000 0.0000 
5.09 0.0000 0.0026 0.1466 0.2280 0.6228 0.0000 0.0000 
5.10 0.0000 0.0019 0.1174 0.2083 0.6724 0.0000 0.0000 
5.11 0.0000 0.0014 0.0933 0.1884 0.7168 0.0000 0.0000 
5.12 0.0000 0.0010 0.0738 0.1692 0.7560 0.0000 0.0000 
5.13 0.0000 0.0008 0.0581 0.1511 0.7901 0.0000 0.0000 
5.14 0.0000 0.0006 0.0456 0.1342 0.8196 0.0000 0.0000 
5.15 0.0000 0.0004 0.0358 0.1189 0.8449 0.0000 0.0000 
5.16 0.0000 0.0003 0.0280 0.1051 0.8666 0.0000 0.0000 
5.17 0.0000 0.0002 0.0220 0.0927 0.8851 0.0000 0.0000 
5.18 0.0000 0.0002 0.0173 0.0818 0.9008 0.0000 0.0000 
5.19 0.0000 0.0001 0.0136 0.0721 0.9142 0.0000 0.0000 
5.20 0.0000 0.0001 0.0107 0.0636 0.9256 0.0000 0.0000 
5.21 0.0000 0.0001 0.0084 0.0561 0.9354 0.0000 0.0000 
5.22 0.0000 0.0000 0.0067 0.0496 0.9437 0.0000 0.0000 
5.23 0.0000 0.0000 0.0053 0.0438 0.9508 0.0000 0.0000 
5.24 0.0000 0.0000 0.0042 0.0388 0.9570 0.0000 0.0000 
5.25 0.0000 0.0000 0.0034 0.0344 0.9622 0.0000 0.0000 
5.26 0.0000 0.0000 0.0027 0.0305 0.9667 0.0000 0.0000 
5.27 0.0000 0.0000 0.0022 0.0272 0.9707 0.0000 0.0000 
5.28 0.0000 0.0000 0.0017 0.0242 0.9741 0.0000 0.0000 
5.29 0.0000 0.0000 0.0014 0.0216 0.9770 0.0000 0.0000 
5.30 0.0000 0.0000 0.0011 0.0193 0.9796 0.0000 0.0000 
5.31 0.0000 0.0000 0.0009 0.0173 0.9818 0.0000 0.0000 
5.32 0.0000 0.0000 0.0008 0.0155 0.9837 0.0000 0.0000 
5.33 0.0000 0.0000 0.0006 0.0139 0.9855 0.0000 0.0000 
5.34 0.0000 0.0000 0.0005 0.0125 0.9870 0.0000 0.0000 
5.35 0.0000 0.0000 0.0004 0.0113 0.9883 0.0000 0.0000 
5.36 0.0000 0.0000 0.0003 0.0102 0.9895 0.0000 0.0000 
5.37 0.0000 0.0000 0.0003 0.0092 0.9905 0.0000 0.0000 
5.38 0.0000 0.0000 0.0002 0.0084 0.9914 0.0000 0.0000 
5.39 0.0000 0.0000 0.0002 0.0076 0.9922 0.0000 0.0000 
5.40 0.0000 0.0000 0.0002 0.0069 0.9929 0.0000 0.0000 
5.41 0.0000 0.0000 0.0001 0.0063 0.9936 0.0000 0.0000 
5.42 0.0000 0.0000 0.0001 0.0057 0.9942 0.0000 0.0000 
5.43 0.0000 0.0000 0.0001 0.0052 0.9947 0.0000 0.0000 
5.44 0.0000 0.0000 0.0001 0.0048 0.9951 0.0000 0.0000 
5.45 0.0000 0.0000 0.0001 0.0044 0.9956 0.0000 0.0000 
5.46 0.0000 0.0000 0.0001 0.0040 0.9959 0.0000 0.0000 
5.47 0.0000 0.0000 0.0000 0.0037 0.9962 0.0000 0.0000 
5.48 0.0000 0.0000 0.0000 0.0034 0.9965 0.0000 0.0000 
5.49 0.0000 0.0000 0.0000 0.0031 0.9968 0.0000 0.0000 
5.50 0.0000 0.0000 0.0000 0.0029 0.9970 0.0000 0.0000 
5.51 0.0000 0.0000 0.0000 0.0027 0.9972 0.0001 0.0000 
5.52 0.0000 0.0000 0.0000 0.0025 0.9974 0.0001 0.0000 
5.53 0.0000 0.0000 0.0000 0.0023 0.9976 0.0001 0.0000 
5.54 0.0000 0.0000 0.0000 0.0021 0.9977 0.0002 0.0000 
5.55 0.0000 0.0000 0.0000 0.0020 0.9977 0.0003 0.0000 
5.56 0.0000 0.0000 0.0000 0.0018 0.9978 0.0004 0.0000 
5.57 0.0000 0.0000 0.0000 0.0017 0.9978 0.0005 0.0000 
5.58 0.0000 0.0000 0.0000 0.0016 0.9977 0.0007 0.0000 
5.59 0.0000 0.0000 0.0000 0.0015 0.9975 0.0010 0.0000 
5.60 0.0000 0.0000 0.0000 0.0014 0.9973 0.0013 0.0000 
5.61 0.0000 0.0000 0.0000 0.0013 0.9969 0.0017 0.0000 
5.62 0.0000 0.0000 0.0000 0.0012 0.9965 0.0023 0.0000 
5.63 0.0000 0.0000 0.0000 0.0012 0.9958 0.0030 0.0000 
5.64 0.0000 0.0000 0.0000 0.0011 0.9949 0.0039 0.0000 
5.65 0.0000 0.0000 0.0000 0.0011 0.9938 0.0051 0.0000 
5.66 0.0000 0.0000 0.0000 0.0010 0.9924 0.0066 0.0000 
5.67 0.0000 0.0000 0.0000 0.0009 0.9905 0.0085 0.0000 
5.68 0.0000 0.0000 0.0000 0.0009 0.9882 0.0109 0.0000 
5.69 0.0000 0.0000 0.0000 0.0009 0.9853 0.0138 0.0000 
5.70 0.0000 0.0000 0.0000 0.0008 0.9817 0.0175 0.0000 
5.71 0.0000 0.0000 0.0000 0.0008 0.9773 0.0219 0.0000 
5.72 0.0000 0.0000 0.0000 0.0008 0.9719 0.0273 0.0000 
5.73 0.0000 0.0000 0.0000 0.0007 0.9654 0.0338 0.0000 
5.74 0.0000 0.0000 0.0000 0.0007 0.9576 0.0416 0.0001 
5.75 0.0000 0.0000 0.0000 0.0007 0.9484 0.0509 0.0001 
5.76 0.0000 0.0000 0.0000 0.0006 0.9375 0.0617 0.0001 
5.77 0.0000 0.0000 0.0000 0.0006 0.9249 0.0743 0.0002 
5.78 0.0000 0.0000 0.0000 0.0006 0.9103 0.0888 0.0003 
5.79 0.0000 0.0000 0.0000 0.0006 0.8937 0.1053 0.0005 
5.80 0.0000 0.0000 0.0000 0.0006 0.8748 0.1239 0.0007 
5.81 0.0000 0.0000 0.0000 0.0005 0.8538 0.1446 0.0010 
5.82 0.0000 0.0000 0.0000 0.0005 0.8306 0.1675 0.0014 
5.83 0.0000 0.0000 0.0000 0.0005 0.8052 0.1922 0.0021 
5.84 0.0000 0.0000 0.0000 0.0005 0.7778 0.2188 0.0029 
5.85 0.0000 0.0000 0.0000 0.0005 0.7485 0.2469 0.0041 
5.86 0.0000 0.0000 0.0000 0.0004 0.7176 0.2763 0.0057 
5.87 0.0000 0.0000 0.0000 0.0004 0.6853 0.3065 0.0078 
5.88 0.0000 0.0000 0.0000 0.0004 0.6519 0.3372 0.0105 
5.89 0.0000 0.0000 0.0000 0.0004 0.6178 0.3679 0.0139 
5.90 0.0000 0.0000 0.0000 0.0004 0.5833 0.3980 0.0183 
5.91 0.0000 0.0000 0.0000 0.0003 0.5486 0.4273 0.0238 
5.92 0.0000 0.0000 0.0000 0.0003 0.5141 0.4550 0.0305 
5.93 0.0000 0.0000 0.0000 0.0003 0.4800 0.4809 0.0388 
5.94 0.0000 0.0000 0.0000 0.0003 0.4466 0.5045 0.0487 
5.95 0.0000 0.0000 0.0000 0.0003 0.4140 0.5253 0.0605 
5.96 0.0000 0.0000 0.0000 0.0002 0.3824 0.5431 0.0743 
5.97 0.0000 0.0000 0.0000 0.0002 0.3519 0.5575 0.0904 
5.98 0.0000 0.0000 0.0000 0.0002 0.3227 0.5683 0.1088 
5.99 0.0000 0.0000 0.0000 0.0002 0.2948 0.5754 0.1296 
6.00 0.0000 0.0000 0.0000 0.0002 0.2683 0.5786 0.1530 
6.01 0.0000 0.0000 0.0000 0.0002 0.2432 0.5779 0.1787 
6.02 0.0000 0.0000 0.0000 0.0001 0.2197 0.5733 0.2068 
6.03 0.0000 0.0000 0.0000 0.0001 0.1976 0.5651 0.2371 
6.04 0.0000 0.0000 0.0000 0.0001 0.1771 0.5535 0.2693 
6.05 0.0000 0.0000 0.0000 0.0001 0.1580 0.5387 0.3032 
6.06 0.0000 0.0000 0.0000 0.0001 0.1405 0.5212 0.3383 
6.07 0.0000 0.0000 0.0000 0.0001 0.1244 0.5012 0.3743 
6.08 0.0000 0.0000 0.0000 0.0001 0.1098 0.4794 0.4107 
6.09 0.0000 0.0000 0.0000 0.0001 0.0966 0.4561 0.4472 
6.10 0.0000 0.0000 0.0000 0.0001 0.0847 0.4319 0.4834 
6.11 0.0000 0.0000 0.0000 0.0000 0.0740 0.4070 0.5189 
6.12 0.0000 0.0000 0.0000 0.0000 0.0646 0.3820 0.5534 
6.13 0.0000 0.0000 0.0000 0.0000 0.0562 0.3572 0.5866 
6.14 0.0000 0.0000 0.0000 0.0000 0.0488 0.3329 0.6183 
6.15 0.0000 0.0000 0.0000 0.0000 0.0423 0.3094 0.6483 
6.16 0.0000 0.0000 0.0000 0.0000 0.0366 0.2867 0.6767 
6.17 0.0000 0.0000 0.0000 0.0000 0.0317 0.2651 0.7032 
6.18 0.0000 0.0000 0.0000 0.0000 0.0274 0.2447 0.7279 
6.19 0.0000 0.0000 0.0000 0.0000 0.0236 0.2256 0.7508 
6.20 0.0000 0.0000 0.0000 0.0000 0.0204 0.2076 0.7719 
6.21 0.0000 0.0000 0.0000 0.0000 0.0176 0.1910 0.7914 
6.22 0.0000 0.0000 0.0000 0.0000 0.0152 0.1755 0.8093 
6.23 0.0000 0.0000 0.0000 0.0000 0.0131 0.1612 0.8257 
6.24 0.0000 0.0000 0.0000 0.0000 0.0114 0.1480 0.8406 
6.25 0.0000 0.0000 0.0000 0.0000 0.0098 0.1359 0.8543 
6.26 0.0000 0.0000 0.0000 0.0000 0.0085 0.1248 0.8667 
6.27 0.0000 0.0000 0.0000 0.0000 0.0074 0.1146 0.8780 
6.28 0.0000 0.0000 0.0000 0.0000 0.0064 0.1053 0.8883 
6.29 0.0000 0.0000 0.0000 0.0000 0.0055 0.0968 0.8977 
6.30 0.0000 0.0000 0.0000 0.0000 0.0048 0.0890 0.9062 
6.31 0.0000 0.0000 0.0000 0.0000 0.0042 0.0819 0.9139 
6.32 0.0000 0.0000 0.0000 0.0000 0.0036 0.0754 0.9209 
6.33 0.0000 0.0000 0.0000 0.0000 0.0032 0.0695 0.9273 
6.34 0.0000 0.0000 0.0000 0.0000 0.0028 0.0641 0.9331 
6.35 0.0000 0.0000 0.0000 0.0000 0.0024 0.0591 0.9384 
6.36 0.0000 0.0000 0.0000 0.0000 0.0021 0.0546 0.9432 
6.37 0.0000 0.0000 0.0000 0.0000 0.0019 0.0505 0.9476 
6.38 0.0000 0.0000 0.0000 0.0000 0.0016 0.0467 0.9516 
6.39 0.0000 0.0000 0.0000 0.0000 0.0014 0.0433 0.9553 
6.40 0.0000 0.0000 0.0000 0.0000 0.0013 0.0401 0.9586 
6.41 0.0000 0.0000 0.0000 0.0000 0.0011 0.0372 0.9617 
6.42 0.0000 0.0000 0.0000 0.0000 0.0010 0.0346 0.9645 
6.43 0.0000 0.0000 0.0000 0.0000 0.0009 0.0321 0.9670 
6.44 0.0000 0.0000 0.0000 0.0000 0.0008 0.0299 0.9693 
6.45 0.0000 0.0000 0.0000 0.0000 0.0007 0.0278 0.9715 
6.46 0.0000 0.0000 0.0000 0.0000 0.0006 0.0259 0.9735 
6.47 0.0000 0.0000 0.0000 0.0000 0.0005 0.0242 0.9753 
6.48 0.0000 0.0000 0.0000 0.0000 0.0005 0.0226 0.9769 
6.49 0.0000 0.0000 0.0000 0.0000 0.0004 0.0211 0.9785 
6.50 0.0000 0.0000 0.0000 0.0000 0.0004 0.0197 0.9799 
6.51 0.0000 0.0000 0.0000 0.0000 0.0003 0.0185 0.9812 
6.52 0.0000 0.0000 0.0000 0.0000 0.0003 0.0173 0.9824 
6.53 0.0000 0.0000 0.0000 0.0000 0.0003 0.0162 0.9835 
6.54 0.0000 0.0000 0.0000 0.0000 0.0002 0.0152 0.9845 
6.55 0.0000 0.0000 0.0000 0.0000 0.0002 0.0143 0.9855 
6.56 0.0000 0.0000 0.0000 0.0000 0.0002 0.0135 0.9863 
6.57 0.0000 0.0000 0.0000 0.0000 0.0002 0.0127 0.9872 
6.58 0.0000 0.0000 0.0000 0.0000 0.0002 0.0119 0.9879 
6.59 0.0000 0.0000 0.0000 0.0000 0.0001 0.0112 0.9886 
6.60 0.0000 0.0000 0.0000 0.0000 0.0001 0.0106 0.9893 
6.61 0.0000 0.0000 0.0000 0.0000 0.0001 0.0100 0.9899 
6.62 0.0000 0.0000 0.0000 0.0000 0.0001 0.0094 0.9905 
6.63 0.0000 0.0000 0.0000 0.0000 0.0001 0.0089 0.9910 
6.64 0.0000 0.0000 0.0000 0.0000 0.0001 0.0084 0.9915 
6.65 0.0000 0.0000 0.0000 0.0000 0.0001 0.0080 0.9919 
6.66 0.0000 0.0000 0.0000 0.0000 0.0001 0.0076 0.9924 
6.67 0.0000 0.0000 0.0000 0.0000 0.0001 0.0072 0.9928 
6.68 0.0000 0.0000 0.0000 0.0000 0.0001 0.0068 0.9932 
6.69 0.0000 0.0000 0.0000 0.0000 0.0001 0.0064 0.9935 
6.70 0.0000 0.0000 0.0000 0.0000 0.0000 0.0061 0.9938 
6.71 0.0000 0.0000 0.0000 0.0000 0.0000 0.0058 0.9942 
6.72 0.0000 0.0000 0.0000 0.0000 0.0000 0.0055 0.9944 
6.73 0.0000 0.0000 0.0000 0.0000 0.0000 0.0052 0.9947 
6.74 0.0000 0.0000 0.0000 0.0000 0.0000 0.0050 0.9950 
6.75 0.0000 0.0000 0.0000 0.0000 0.0000 0.0048 0.9952 
6.76 0.0000 0.0000 0.0000 0.0000 0.0000 0.0045 0.9954 
6.77 0.0000 0.0000 0.0000 0.0000 0.0000 0.0043 0.9957 
6.78 0.0000 0.0000 0.0000 0.0000 0.0000 0.0041 0.9959 
6.79 0.0000 0.0000 0.0000 0.0000 0.0000 0.0039 0.9961 
6.80 0.0000 0.0000 0.0000 0.0000 0.0000 0.0037 0.9962 
6.81 0.0000 0.0000 0.0000 0.0000 0.0000 0.0036 0.9964 
6.82 0.0000 0.0000 0.0000 0.0000 0.0000 0.0034 0.9966 
6.83 0.0000 0.0000 0.0000 0.0000 0.0000 0.0033 0.9967 
6.84 0.0000 0.0000 0.0000 0.0000 0.0000 0.0031 0.9969 
6.85 0.0000 0.0000 0.0000 0.0000 0.0000 0.0030 0.9970 
6.86 0.0000 0.0000 0.0000 0.0000 0.0000 0.0029 0.9971 
6.87 0.0000 0.0000 0.0000 0.0000 0.0000 0.0027 0.9972 
6.88 0.0000 0.0000 0.0000 0.0000 0.0000 0.0026 0.9974 
6.89 0.0000 0.0000 0.0000 0.0000 0.0000 0.0025 0.9975 
6.90 0.0000 0.0000 0.0000 0.0000 0.0000 0.0024 0.9976 
6.91 0.0000 0.0000 0.0000 0.0000 0.0000 0.0023 0.9977 
6.92 0.0000 0.0000 0.0000 0.0000 0.0000 0.0022 0.9978 
6.93 0.0000 0.0000 0.0000 0.0000 0.0000 0.0021 0.9979 
6.94 0.0000 0.0000 0.0000 0.0000 0.0000 0.0020 0.9979 
6.95 0.0000 0.0000 0.0000 0.0000 0.0000 0.0020 0.9980 
6.96 0.0000 0.0000 0.0000 0.0000 0.0000 0.0019 0.9981 
6.97 0.0000 0.0000 0.0000 0.0000 0.0000 0.0018 0.9982 
6.98 0.0000 0.0000 0.0000 0.0000 0.0000 0.0017 0.9982 
6.99 0.0000 0.0000 0.0000 0.0000 0.0000 0.0017 0.9983 
7.00 0.0000 0.0000 0.0000 0.0000 0.0000 0.0016 0.9984 
