#
# Ionization fraction vs T for O
#   logT = 3.95 to 7.00
# Calculated using the CHIANTI atomic database and ChiantiPy
#
# logT = log10 of temperature in K
# I..IX = ionization stage of oxygen
#
logT  I      II     III    IV     V      VI     VII    VIII   IX     
3.95 0.9997 0.0003 0.0000 0.0000 0.0000 0.0000 0.0000 0.0000 0.0000 
3.96 0.9995 0.0005 0.0000 0.0000 0.0000 0.0000 0.0000 0.0000 0.0000 
3.97 0.9993 0.0007 0.0000 0.0000 0.0000 0.0000 0.0000 0.0000 0.0000 
3.98 0.9989 0.0011 0.0000 0.0000 0.0000 0.0000 0.0000 0.0000 0.0000 
3.99 0.9983 0.0017 0.0000 0.0000 0.0000 0.0000 0.0000 0.0000 0.0000 
4.00 0.9975 0.0025 0.0000 0.0000 0.0000 0.0000 0.0000 0.0000 0.0000 
4.01 0.9964 0.0036 0.0000 0.0000 0.0000 0.0000 0.0000 0.0000 0.0000 
4.02 0.9947 0.0053 0.0000 0.0000 0.0000 0.0000 0.0000 0.0000 0.0000 
4.03 0.9924 0.0076 0.0000 0.0000 0.0000 0.0000 0.0000 0.0000 0.0000 
4.04 0.9891 0.0109 0.0000 0.0000 0.0000 0.0000 0.0000 0.0000 0.0000 
4.05 0.9846 0.0154 0.0000 0.0000 0.0000 0.0000 0.0000 0.0000 0.0000 
4.06 0.9784 0.0216 0.0000 0.0000 0.0000 0.0000 0.0000 0.0000 0.0000 
4.07 0.9701 0.0299 0.0000 0.0000 0.0000 0.0000 0.0000 0.0000 0.0000 
4.08 0.9588 0.0412 0.0000 0.0000 0.0000 0.0000 0.0000 0.0000 0.0000 
4.09 0.9440 0.0560 0.0000 0.0000 0.0000 0.0000 0.0000 0.0000 0.0000 
4.10 0.9247 0.0753 0.0000 0.0000 0.0000 0.0000 0.0000 0.0000 0.0000 
4.11 0.9001 0.0999 0.0000 0.0000 0.0000 0.0000 0.0000 0.0000 0.0000 
4.12 0.8694 0.1306 0.0000 0.0000 0.0000 0.0000 0.0000 0.0000 0.0000 
4.13 0.8319 0.1681 0.0000 0.0000 0.0000 0.0000 0.0000 0.0000 0.0000 
4.14 0.7873 0.2127 0.0000 0.0000 0.0000 0.0000 0.0000 0.0000 0.0000 
4.15 0.7360 0.2640 0.0000 0.0000 0.0000 0.0000 0.0000 0.0000 0.0000 
4.16 0.6787 0.3213 0.0000 0.0000 0.0000 0.0000 0.0000 0.0000 0.0000 
4.17 0.6171 0.3829 0.0000 0.0000 0.0000 0.0000 0.0000 0.0000 0.0000 
4.18 0.5530 0.4470 0.0000 0.0000 0.0000 0.0000 0.0000 0.0000 0.0000 
4.19 0.4887 0.5113 0.0000 0.0000 0.0000 0.0000 0.0000 0.0000 0.0000 
4.20 0.4263 0.5737 0.0000 0.0000 0.0000 0.0000 0.0000 0.0000 0.0000 
4.21 0.3678 0.6322 0.0000 0.0000 0.0000 0.0000 0.0000 0.0000 0.0000 
4.22 0.3143 0.6857 0.0000 0.0000 0.0000 0.0000 0.0000 0.0000 0.0000 
4.23 0.2667 0.7333 0.0000 0.0000 0.0000 0.0000 0.0000 0.0000 0.0000 
4.24 0.2252 0.7748 0.0000 0.0000 0.0000 0.0000 0.0000 0.0000 0.0000 
4.25 0.1896 0.8104 0.0000 0.0000 0.0000 0.0000 0.0000 0.0000 0.0000 
4.26 0.1594 0.8406 0.0000 0.0000 0.0000 0.0000 0.0000 0.0000 0.0000 
4.27 0.1341 0.8659 0.0000 0.0000 0.0000 0.0000 0.0000 0.0000 0.0000 
4.28 0.1131 0.8869 0.0000 0.0000 0.0000 0.0000 0.0000 0.0000 0.0000 
4.29 0.0957 0.9043 0.0000 0.0000 0.0000 0.0000 0.0000 0.0000 0.0000 
4.30 0.0813 0.9187 0.0000 0.0000 0.0000 0.0000 0.0000 0.0000 0.0000 
4.31 0.0694 0.9306 0.0000 0.0000 0.0000 0.0000 0.0000 0.0000 0.0000 
4.32 0.0596 0.9404 0.0000 0.0000 0.0000 0.0000 0.0000 0.0000 0.0000 
4.33 0.0515 0.9485 0.0000 0.0000 0.0000 0.0000 0.0000 0.0000 0.0000 
4.34 0.0448 0.9552 0.0000 0.0000 0.0000 0.0000 0.0000 0.0000 0.0000 
4.36 0.0392 0.9608 0.0000 0.0000 0.0000 0.0000 0.0000 0.0000 0.0000 
4.37 0.0345 0.9654 0.0001 0.0000 0.0000 0.0000 0.0000 0.0000 0.0000 
4.38 0.0306 0.9693 0.0001 0.0000 0.0000 0.0000 0.0000 0.0000 0.0000 
4.39 0.0273 0.9726 0.0001 0.0000 0.0000 0.0000 0.0000 0.0000 0.0000 
4.40 0.0245 0.9753 0.0002 0.0000 0.0000 0.0000 0.0000 0.0000 0.0000 
4.41 0.0221 0.9776 0.0003 0.0000 0.0000 0.0000 0.0000 0.0000 0.0000 
4.42 0.0201 0.9795 0.0004 0.0000 0.0000 0.0000 0.0000 0.0000 0.0000 
4.43 0.0183 0.9811 0.0006 0.0000 0.0000 0.0000 0.0000 0.0000 0.0000 
4.44 0.0168 0.9824 0.0008 0.0000 0.0000 0.0000 0.0000 0.0000 0.0000 
4.45 0.0155 0.9834 0.0011 0.0000 0.0000 0.0000 0.0000 0.0000 0.0000 
4.46 0.0143 0.9841 0.0015 0.0000 0.0000 0.0000 0.0000 0.0000 0.0000 
4.47 0.0133 0.9846 0.0021 0.0000 0.0000 0.0000 0.0000 0.0000 0.0000 
4.48 0.0123 0.9848 0.0029 0.0000 0.0000 0.0000 0.0000 0.0000 0.0000 
4.49 0.0115 0.9846 0.0039 0.0000 0.0000 0.0000 0.0000 0.0000 0.0000 
4.50 0.0108 0.9840 0.0052 0.0000 0.0000 0.0000 0.0000 0.0000 0.0000 
4.51 0.0101 0.9830 0.0069 0.0000 0.0000 0.0000 0.0000 0.0000 0.0000 
4.52 0.0095 0.9815 0.0090 0.0000 0.0000 0.0000 0.0000 0.0000 0.0000 
4.53 0.0089 0.9794 0.0117 0.0000 0.0000 0.0000 0.0000 0.0000 0.0000 
4.54 0.0083 0.9766 0.0151 0.0000 0.0000 0.0000 0.0000 0.0000 0.0000 
4.55 0.0078 0.9729 0.0192 0.0000 0.0000 0.0000 0.0000 0.0000 0.0000 
4.56 0.0074 0.9683 0.0243 0.0000 0.0000 0.0000 0.0000 0.0000 0.0000 
4.57 0.0069 0.9626 0.0304 0.0000 0.0000 0.0000 0.0000 0.0000 0.0000 
4.58 0.0065 0.9557 0.0378 0.0000 0.0000 0.0000 0.0000 0.0000 0.0000 
4.59 0.0061 0.9473 0.0466 0.0000 0.0000 0.0000 0.0000 0.0000 0.0000 
4.60 0.0058 0.9373 0.0569 0.0000 0.0000 0.0000 0.0000 0.0000 0.0000 
4.61 0.0054 0.9256 0.0690 0.0000 0.0000 0.0000 0.0000 0.0000 0.0000 
4.62 0.0051 0.9120 0.0830 0.0000 0.0000 0.0000 0.0000 0.0000 0.0000 
4.63 0.0047 0.8962 0.0990 0.0000 0.0000 0.0000 0.0000 0.0000 0.0000 
4.64 0.0044 0.8784 0.1172 0.0000 0.0000 0.0000 0.0000 0.0000 0.0000 
4.65 0.0041 0.8582 0.1377 0.0000 0.0000 0.0000 0.0000 0.0000 0.0000 
4.66 0.0038 0.8357 0.1604 0.0001 0.0000 0.0000 0.0000 0.0000 0.0000 
4.67 0.0035 0.8110 0.1854 0.0001 0.0000 0.0000 0.0000 0.0000 0.0000 
4.68 0.0032 0.7840 0.2127 0.0001 0.0000 0.0000 0.0000 0.0000 0.0000 
4.69 0.0030 0.7548 0.2420 0.0002 0.0000 0.0000 0.0000 0.0000 0.0000 
4.70 0.0027 0.7238 0.2732 0.0003 0.0000 0.0000 0.0000 0.0000 0.0000 
4.71 0.0025 0.6911 0.3060 0.0004 0.0000 0.0000 0.0000 0.0000 0.0000 
4.72 0.0022 0.6570 0.3401 0.0006 0.0000 0.0000 0.0000 0.0000 0.0000 
4.73 0.0020 0.6219 0.3752 0.0009 0.0000 0.0000 0.0000 0.0000 0.0000 
4.74 0.0018 0.5862 0.4107 0.0013 0.0000 0.0000 0.0000 0.0000 0.0000 
4.75 0.0016 0.5501 0.4465 0.0018 0.0000 0.0000 0.0000 0.0000 0.0000 
4.76 0.0014 0.5142 0.4819 0.0025 0.0000 0.0000 0.0000 0.0000 0.0000 
4.77 0.0013 0.4787 0.5167 0.0034 0.0000 0.0000 0.0000 0.0000 0.0000 
4.78 0.0011 0.4440 0.5504 0.0045 0.0000 0.0000 0.0000 0.0000 0.0000 
4.79 0.0010 0.4103 0.5828 0.0060 0.0000 0.0000 0.0000 0.0000 0.0000 
4.80 0.0009 0.3779 0.6134 0.0078 0.0000 0.0000 0.0000 0.0000 0.0000 
4.81 0.0008 0.3469 0.6421 0.0102 0.0000 0.0000 0.0000 0.0000 0.0000 
4.82 0.0007 0.3176 0.6687 0.0131 0.0000 0.0000 0.0000 0.0000 0.0000 
4.83 0.0006 0.2899 0.6929 0.0166 0.0000 0.0000 0.0000 0.0000 0.0000 
4.84 0.0005 0.2640 0.7145 0.0210 0.0000 0.0000 0.0000 0.0000 0.0000 
4.85 0.0004 0.2398 0.7336 0.0262 0.0000 0.0000 0.0000 0.0000 0.0000 
4.86 0.0004 0.2173 0.7498 0.0325 0.0000 0.0000 0.0000 0.0000 0.0000 
4.87 0.0003 0.1964 0.7632 0.0400 0.0000 0.0000 0.0000 0.0000 0.0000 
4.88 0.0003 0.1772 0.7736 0.0489 0.0000 0.0000 0.0000 0.0000 0.0000 
4.89 0.0002 0.1595 0.7810 0.0592 0.0000 0.0000 0.0000 0.0000 0.0000 
4.90 0.0002 0.1432 0.7853 0.0712 0.0001 0.0000 0.0000 0.0000 0.0000 
4.91 0.0002 0.1283 0.7865 0.0849 0.0001 0.0000 0.0000 0.0000 0.0000 
4.92 0.0001 0.1147 0.7844 0.1005 0.0002 0.0000 0.0000 0.0000 0.0000 
4.93 0.0001 0.1023 0.7792 0.1182 0.0002 0.0000 0.0000 0.0000 0.0000 
4.94 0.0001 0.0910 0.7707 0.1379 0.0003 0.0000 0.0000 0.0000 0.0000 
4.95 0.0001 0.0807 0.7590 0.1597 0.0005 0.0000 0.0000 0.0000 0.0000 
4.96 0.0001 0.0713 0.7443 0.1836 0.0007 0.0000 0.0000 0.0000 0.0000 
4.97 0.0001 0.0629 0.7266 0.2095 0.0010 0.0000 0.0000 0.0000 0.0000 
4.98 0.0001 0.0553 0.7060 0.2372 0.0015 0.0000 0.0000 0.0000 0.0000 
4.99 0.0000 0.0484 0.6829 0.2666 0.0020 0.0000 0.0000 0.0000 0.0000 
5.00 0.0000 0.0423 0.6574 0.2975 0.0028 0.0000 0.0000 0.0000 0.0000 
5.01 0.0000 0.0368 0.6299 0.3294 0.0038 0.0000 0.0000 0.0000 0.0000 
5.02 0.0000 0.0319 0.6008 0.3621 0.0052 0.0000 0.0000 0.0000 0.0000 
5.03 0.0000 0.0276 0.5703 0.3952 0.0069 0.0000 0.0000 0.0000 0.0000 
5.04 0.0000 0.0237 0.5388 0.4283 0.0091 0.0000 0.0000 0.0000 0.0000 
5.05 0.0000 0.0204 0.5068 0.4609 0.0119 0.0000 0.0000 0.0000 0.0000 
5.06 0.0000 0.0174 0.4746 0.4926 0.0153 0.0000 0.0000 0.0000 0.0000 
5.07 0.0000 0.0149 0.4426 0.5230 0.0195 0.0000 0.0000 0.0000 0.0000 
5.08 0.0000 0.0126 0.4109 0.5517 0.0247 0.0000 0.0000 0.0000 0.0000 
5.09 0.0000 0.0107 0.3800 0.5784 0.0309 0.0000 0.0000 0.0000 0.0000 
5.10 0.0000 0.0091 0.3501 0.6026 0.0383 0.0000 0.0000 0.0000 0.0000 
5.11 0.0000 0.0076 0.3212 0.6241 0.0470 0.0000 0.0000 0.0000 0.0000 
5.12 0.0000 0.0064 0.2936 0.6426 0.0572 0.0001 0.0000 0.0000 0.0000 
5.13 0.0000 0.0054 0.2675 0.6580 0.0691 0.0001 0.0000 0.0000 0.0000 
5.14 0.0000 0.0045 0.2427 0.6700 0.0827 0.0001 0.0000 0.0000 0.0000 
5.15 0.0000 0.0038 0.2195 0.6785 0.0981 0.0002 0.0000 0.0000 0.0000 
5.16 0.0000 0.0031 0.1978 0.6833 0.1154 0.0003 0.0000 0.0000 0.0000 
5.17 0.0000 0.0026 0.1777 0.6846 0.1347 0.0004 0.0000 0.0000 0.0000 
5.18 0.0000 0.0021 0.1590 0.6823 0.1560 0.0006 0.0000 0.0000 0.0000 
5.19 0.0000 0.0018 0.1418 0.6764 0.1792 0.0009 0.0000 0.0000 0.0000 
5.20 0.0000 0.0015 0.1260 0.6670 0.2043 0.0013 0.0000 0.0000 0.0000 
5.21 0.0000 0.0012 0.1116 0.6544 0.2310 0.0018 0.0000 0.0000 0.0000 
5.22 0.0000 0.0010 0.0984 0.6388 0.2594 0.0025 0.0000 0.0000 0.0000 
5.23 0.0000 0.0008 0.0865 0.6203 0.2890 0.0034 0.0000 0.0000 0.0000 
5.24 0.0000 0.0006 0.0758 0.5993 0.3196 0.0046 0.0001 0.0000 0.0000 
5.25 0.0000 0.0005 0.0662 0.5762 0.3508 0.0061 0.0001 0.0000 0.0000 
5.26 0.0000 0.0004 0.0576 0.5512 0.3824 0.0082 0.0002 0.0000 0.0000 
5.27 0.0000 0.0003 0.0499 0.5247 0.4139 0.0107 0.0003 0.0000 0.0000 
5.28 0.0000 0.0003 0.0431 0.4971 0.4449 0.0140 0.0006 0.0000 0.0000 
5.29 0.0000 0.0002 0.0372 0.4687 0.4750 0.0180 0.0009 0.0000 0.0000 
5.30 0.0000 0.0002 0.0319 0.4399 0.5037 0.0229 0.0014 0.0000 0.0000 
5.31 0.0000 0.0001 0.0273 0.4109 0.5306 0.0289 0.0022 0.0000 0.0000 
5.32 0.0000 0.0001 0.0232 0.3820 0.5551 0.0361 0.0034 0.0000 0.0000 
5.33 0.0000 0.0001 0.0197 0.3534 0.5769 0.0447 0.0052 0.0000 0.0000 
5.34 0.0000 0.0001 0.0167 0.3252 0.5955 0.0548 0.0077 0.0000 0.0000 
5.35 0.0000 0.0001 0.0141 0.2978 0.6103 0.0664 0.0114 0.0000 0.0000 
5.36 0.0000 0.0000 0.0118 0.2711 0.6208 0.0797 0.0166 0.0000 0.0000 
5.37 0.0000 0.0000 0.0098 0.2453 0.6266 0.0946 0.0237 0.0000 0.0000 
5.38 0.0000 0.0000 0.0082 0.2204 0.6270 0.1110 0.0335 0.0000 0.0000 
5.39 0.0000 0.0000 0.0067 0.1965 0.6216 0.1287 0.0465 0.0000 0.0000 
5.40 0.0000 0.0000 0.0055 0.1737 0.6100 0.1473 0.0635 0.0000 0.0000 
5.41 0.0000 0.0000 0.0045 0.1521 0.5919 0.1663 0.0853 0.0000 0.0000 
5.42 0.0000 0.0000 0.0036 0.1317 0.5673 0.1849 0.1125 0.0000 0.0000 
5.43 0.0000 0.0000 0.0028 0.1127 0.5366 0.2024 0.1454 0.0000 0.0000 
5.44 0.0000 0.0000 0.0022 0.0953 0.5003 0.2179 0.1844 0.0000 0.0000 
5.45 0.0000 0.0000 0.0017 0.0794 0.4595 0.2305 0.2289 0.0000 0.0000 
5.46 0.0000 0.0000 0.0013 0.0653 0.4155 0.2395 0.2784 0.0000 0.0000 
5.47 0.0000 0.0000 0.0010 0.0529 0.3700 0.2444 0.3317 0.0000 0.0000 
5.48 0.0000 0.0000 0.0007 0.0423 0.3246 0.2452 0.3872 0.0000 0.0000 
5.49 0.0000 0.0000 0.0005 0.0334 0.2807 0.2421 0.4433 0.0000 0.0000 
5.50 0.0000 0.0000 0.0004 0.0260 0.2397 0.2353 0.4986 0.0000 0.0000 
5.51 0.0000 0.0000 0.0003 0.0201 0.2023 0.2257 0.5517 0.0000 0.0000 
5.52 0.0000 0.0000 0.0002 0.0154 0.1690 0.2138 0.6016 0.0000 0.0000 
5.53 0.0000 0.0000 0.0001 0.0117 0.1401 0.2006 0.6475 0.0000 0.0000 
5.54 0.0000 0.0000 0.0001 0.0088 0.1154 0.1865 0.6892 0.0000 0.0000 
5.55 0.0000 0.0000 0.0001 0.0066 0.0945 0.1722 0.7266 0.0000 0.0000 
5.56 0.0000 0.0000 0.0001 0.0050 0.0771 0.1581 0.7598 0.0000 0.0000 
5.57 0.0000 0.0000 0.0000 0.0037 0.0627 0.1444 0.7891 0.0000 0.0000 
5.58 0.0000 0.0000 0.0000 0.0028 0.0510 0.1315 0.8147 0.0000 0.0000 
5.59 0.0000 0.0000 0.0000 0.0021 0.0414 0.1195 0.8370 0.0000 0.0000 
5.60 0.0000 0.0000 0.0000 0.0016 0.0336 0.1083 0.8565 0.0000 0.0000 
5.61 0.0000 0.0000 0.0000 0.0012 0.0273 0.0981 0.8735 0.0000 0.0000 
5.62 0.0000 0.0000 0.0000 0.0009 0.0222 0.0888 0.8882 0.0000 0.0000 
5.63 0.0000 0.0000 0.0000 0.0007 0.0180 0.0803 0.9010 0.0000 0.0000 
5.64 0.0000 0.0000 0.0000 0.0005 0.0147 0.0726 0.9121 0.0000 0.0000 
5.65 0.0000 0.0000 0.0000 0.0004 0.0120 0.0657 0.9219 0.0000 0.0000 
5.66 0.0000 0.0000 0.0000 0.0003 0.0098 0.0595 0.9304 0.0000 0.0000 
5.67 0.0000 0.0000 0.0000 0.0002 0.0081 0.0539 0.9378 0.0000 0.0000 
5.68 0.0000 0.0000 0.0000 0.0002 0.0066 0.0489 0.9443 0.0000 0.0000 
5.69 0.0000 0.0000 0.0000 0.0001 0.0055 0.0444 0.9500 0.0000 0.0000 
5.70 0.0000 0.0000 0.0000 0.0001 0.0045 0.0403 0.9551 0.0000 0.0000 
5.71 0.0000 0.0000 0.0000 0.0001 0.0037 0.0367 0.9595 0.0000 0.0000 
5.72 0.0000 0.0000 0.0000 0.0001 0.0031 0.0334 0.9634 0.0000 0.0000 
5.73 0.0000 0.0000 0.0000 0.0000 0.0026 0.0305 0.9669 0.0000 0.0000 
5.74 0.0000 0.0000 0.0000 0.0000 0.0022 0.0278 0.9700 0.0000 0.0000 
5.75 0.0000 0.0000 0.0000 0.0000 0.0018 0.0254 0.9727 0.0000 0.0000 
5.76 0.0000 0.0000 0.0000 0.0000 0.0015 0.0233 0.9752 0.0000 0.0000 
5.77 0.0000 0.0000 0.0000 0.0000 0.0013 0.0213 0.9774 0.0000 0.0000 
5.78 0.0000 0.0000 0.0000 0.0000 0.0011 0.0196 0.9793 0.0000 0.0000 
5.79 0.0000 0.0000 0.0000 0.0000 0.0009 0.0180 0.9810 0.0000 0.0000 
5.80 0.0000 0.0000 0.0000 0.0000 0.0008 0.0166 0.9826 0.0000 0.0000 
5.81 0.0000 0.0000 0.0000 0.0000 0.0007 0.0153 0.9840 0.0000 0.0000 
5.82 0.0000 0.0000 0.0000 0.0000 0.0006 0.0141 0.9852 0.0001 0.0000 
5.83 0.0000 0.0000 0.0000 0.0000 0.0005 0.0131 0.9864 0.0001 0.0000 
5.84 0.0000 0.0000 0.0000 0.0000 0.0004 0.0121 0.9874 0.0001 0.0000 
5.85 0.0000 0.0000 0.0000 0.0000 0.0003 0.0112 0.9882 0.0002 0.0000 
5.86 0.0000 0.0000 0.0000 0.0000 0.0003 0.0104 0.9890 0.0002 0.0000 
5.87 0.0000 0.0000 0.0000 0.0000 0.0003 0.0097 0.9897 0.0003 0.0000 
5.88 0.0000 0.0000 0.0000 0.0000 0.0002 0.0091 0.9903 0.0004 0.0000 
5.89 0.0000 0.0000 0.0000 0.0000 0.0002 0.0085 0.9908 0.0006 0.0000 
5.90 0.0000 0.0000 0.0000 0.0000 0.0002 0.0079 0.9912 0.0007 0.0000 
5.91 0.0000 0.0000 0.0000 0.0000 0.0001 0.0074 0.9914 0.0010 0.0000 
5.92 0.0000 0.0000 0.0000 0.0000 0.0001 0.0070 0.9916 0.0013 0.0000 
5.93 0.0000 0.0000 0.0000 0.0000 0.0001 0.0066 0.9917 0.0016 0.0000 
5.94 0.0000 0.0000 0.0000 0.0000 0.0001 0.0062 0.9916 0.0021 0.0000 
5.95 0.0000 0.0000 0.0000 0.0000 0.0001 0.0059 0.9913 0.0027 0.0000 
5.96 0.0000 0.0000 0.0000 0.0000 0.0001 0.0056 0.9909 0.0035 0.0000 
5.97 0.0000 0.0000 0.0000 0.0000 0.0001 0.0053 0.9902 0.0044 0.0000 
5.98 0.0000 0.0000 0.0000 0.0000 0.0001 0.0050 0.9893 0.0056 0.0000 
5.99 0.0000 0.0000 0.0000 0.0000 0.0001 0.0048 0.9881 0.0070 0.0000 
6.00 0.0000 0.0000 0.0000 0.0000 0.0000 0.0046 0.9866 0.0087 0.0000 
6.01 0.0000 0.0000 0.0000 0.0000 0.0000 0.0044 0.9847 0.0108 0.0000 
6.02 0.0000 0.0000 0.0000 0.0000 0.0000 0.0042 0.9823 0.0134 0.0000 
6.03 0.0000 0.0000 0.0000 0.0000 0.0000 0.0041 0.9794 0.0164 0.0000 
6.04 0.0000 0.0000 0.0000 0.0000 0.0000 0.0039 0.9759 0.0201 0.0000 
6.05 0.0000 0.0000 0.0000 0.0000 0.0000 0.0038 0.9718 0.0244 0.0000 
6.06 0.0000 0.0000 0.0000 0.0000 0.0000 0.0037 0.9668 0.0294 0.0001 
6.07 0.0000 0.0000 0.0000 0.0000 0.0000 0.0036 0.9610 0.0353 0.0001 
6.08 0.0000 0.0000 0.0000 0.0000 0.0000 0.0034 0.9542 0.0421 0.0001 
6.09 0.0000 0.0000 0.0000 0.0000 0.0000 0.0033 0.9464 0.0500 0.0002 
6.10 0.0000 0.0000 0.0000 0.0000 0.0000 0.0033 0.9374 0.0590 0.0003 
6.11 0.0000 0.0000 0.0000 0.0000 0.0000 0.0032 0.9272 0.0691 0.0005 
6.12 0.0000 0.0000 0.0000 0.0000 0.0000 0.0031 0.9157 0.0806 0.0007 
6.13 0.0000 0.0000 0.0000 0.0000 0.0000 0.0030 0.9028 0.0933 0.0009 
6.14 0.0000 0.0000 0.0000 0.0000 0.0000 0.0029 0.8884 0.1074 0.0013 
6.15 0.0000 0.0000 0.0000 0.0000 0.0000 0.0028 0.8725 0.1228 0.0018 
6.16 0.0000 0.0000 0.0000 0.0000 0.0000 0.0027 0.8551 0.1396 0.0025 
6.17 0.0000 0.0000 0.0000 0.0000 0.0000 0.0027 0.8362 0.1577 0.0034 
6.18 0.0000 0.0000 0.0000 0.0000 0.0000 0.0026 0.8158 0.1770 0.0045 
6.19 0.0000 0.0000 0.0000 0.0000 0.0000 0.0025 0.7940 0.1975 0.0061 
6.20 0.0000 0.0000 0.0000 0.0000 0.0000 0.0024 0.7707 0.2189 0.0080 
6.21 0.0000 0.0000 0.0000 0.0000 0.0000 0.0023 0.7461 0.2411 0.0105 
6.22 0.0000 0.0000 0.0000 0.0000 0.0000 0.0022 0.7203 0.2638 0.0136 
6.23 0.0000 0.0000 0.0000 0.0000 0.0000 0.0021 0.6934 0.2869 0.0175 
6.24 0.0000 0.0000 0.0000 0.0000 0.0000 0.0021 0.6656 0.3101 0.0222 
6.25 0.0000 0.0000 0.0000 0.0000 0.0000 0.0020 0.6369 0.3331 0.0280 
6.26 0.0000 0.0000 0.0000 0.0000 0.0000 0.0019 0.6076 0.3555 0.0350 
6.27 0.0000 0.0000 0.0000 0.0000 0.0000 0.0018 0.5778 0.3772 0.0433 
6.28 0.0000 0.0000 0.0000 0.0000 0.0000 0.0017 0.5476 0.3977 0.0531 
6.29 0.0000 0.0000 0.0000 0.0000 0.0000 0.0016 0.5172 0.4167 0.0645 
6.30 0.0000 0.0000 0.0000 0.0000 0.0000 0.0015 0.4868 0.4340 0.0777 
6.31 0.0000 0.0000 0.0000 0.0000 0.0000 0.0014 0.4566 0.4493 0.0927 
6.32 0.0000 0.0000 0.0000 0.0000 0.0000 0.0013 0.4266 0.4623 0.1098 
6.33 0.0000 0.0000 0.0000 0.0000 0.0000 0.0012 0.3972 0.4728 0.1288 
6.34 0.0000 0.0000 0.0000 0.0000 0.0000 0.0011 0.3683 0.4807 0.1498 
6.35 0.0000 0.0000 0.0000 0.0000 0.0000 0.0010 0.3403 0.4858 0.1728 
6.36 0.0000 0.0000 0.0000 0.0000 0.0000 0.0009 0.3132 0.4881 0.1978 
6.37 0.0000 0.0000 0.0000 0.0000 0.0000 0.0009 0.2871 0.4876 0.2244 
6.38 0.0000 0.0000 0.0000 0.0000 0.0000 0.0008 0.2622 0.4843 0.2527 
6.39 0.0000 0.0000 0.0000 0.0000 0.0000 0.0007 0.2385 0.4785 0.2823 
6.40 0.0000 0.0000 0.0000 0.0000 0.0000 0.0006 0.2162 0.4701 0.3130 
6.41 0.0000 0.0000 0.0000 0.0000 0.0000 0.0006 0.1953 0.4596 0.3446 
6.42 0.0000 0.0000 0.0000 0.0000 0.0000 0.0005 0.1758 0.4471 0.3766 
6.43 0.0000 0.0000 0.0000 0.0000 0.0000 0.0005 0.1577 0.4329 0.4089 
6.44 0.0000 0.0000 0.0000 0.0000 0.0000 0.0004 0.1410 0.4174 0.4412 
6.45 0.0000 0.0000 0.0000 0.0000 0.0000 0.0004 0.1258 0.4007 0.4731 
6.46 0.0000 0.0000 0.0000 0.0000 0.0000 0.0003 0.1119 0.3833 0.5045 
6.47 0.0000 0.0000 0.0000 0.0000 0.0000 0.0003 0.0993 0.3654 0.5350 
6.48 0.0000 0.0000 0.0000 0.0000 0.0000 0.0002 0.0880 0.3472 0.5646 
6.49 0.0000 0.0000 0.0000 0.0000 0.0000 0.0002 0.0778 0.3289 0.5930 
6.50 0.0000 0.0000 0.0000 0.0000 0.0000 0.0002 0.0687 0.3109 0.6203 
6.51 0.0000 0.0000 0.0000 0.0000 0.0000 0.0002 0.0606 0.2931 0.6461 
6.52 0.0000 0.0000 0.0000 0.0000 0.0000 0.0001 0.0533 0.2758 0.6707 
6.53 0.0000 0.0000 0.0000 0.0000 0.0000 0.0001 0.0469 0.2591 0.6938 
6.54 0.0000 0.0000 0.0000 0.0000 0.0000 0.0001 0.0413 0.2431 0.7155 
6.55 0.0000 0.0000 0.0000 0.0000 0.0000 0.0001 0.0363 0.2278 0.7358 
6.56 0.0000 0.0000 0.0000 0.0000 0.0000 0.0001 0.0319 0.2132 0.7548 
6.57 0.0000 0.0000 0.0000 0.0000 0.0000 0.0001 0.0280 0.1994 0.7725 
6.58 0.0000 0.0000 0.0000 0.0000 0.0000 0.0001 0.0246 0.1863 0.7890 
6.59 0.0000 0.0000 0.0000 0.0000 0.0000 0.0001 0.0217 0.1741 0.8042 
6.60 0.0000 0.0000 0.0000 0.0000 0.0000 0.0000 0.0190 0.1626 0.8183 
6.61 0.0000 0.0000 0.0000 0.0000 0.0000 0.0000 0.0168 0.1518 0.8314 
6.62 0.0000 0.0000 0.0000 0.0000 0.0000 0.0000 0.0148 0.1417 0.8435 
6.63 0.0000 0.0000 0.0000 0.0000 0.0000 0.0000 0.0130 0.1323 0.8547 
6.64 0.0000 0.0000 0.0000 0.0000 0.0000 0.0000 0.0115 0.1235 0.8650 
6.65 0.0000 0.0000 0.0000 0.0000 0.0000 0.0000 0.0101 0.1154 0.8745 
6.66 0.0000 0.0000 0.0000 0.0000 0.0000 0.0000 0.0089 0.1078 0.8833 
6.67 0.0000 0.0000 0.0000 0.0000 0.0000 0.0000 0.0079 0.1007 0.8914 
6.68 0.0000 0.0000 0.0000 0.0000 0.0000 0.0000 0.0070 0.0941 0.8989 
6.69 0.0000 0.0000 0.0000 0.0000 0.0000 0.0000 0.0062 0.0880 0.9058 
6.70 0.0000 0.0000 0.0000 0.0000 0.0000 0.0000 0.0055 0.0824 0.9121 
6.71 0.0000 0.0000 0.0000 0.0000 0.0000 0.0000 0.0048 0.0771 0.9180 
6.72 0.0000 0.0000 0.0000 0.0000 0.0000 0.0000 0.0043 0.0722 0.9235 
6.73 0.0000 0.0000 0.0000 0.0000 0.0000 0.0000 0.0038 0.0677 0.9285 
6.74 0.0000 0.0000 0.0000 0.0000 0.0000 0.0000 0.0034 0.0635 0.9331 
6.75 0.0000 0.0000 0.0000 0.0000 0.0000 0.0000 0.0030 0.0596 0.9374 
6.76 0.0000 0.0000 0.0000 0.0000 0.0000 0.0000 0.0027 0.0559 0.9414 
6.77 0.0000 0.0000 0.0000 0.0000 0.0000 0.0000 0.0024 0.0525 0.9450 
6.78 0.0000 0.0000 0.0000 0.0000 0.0000 0.0000 0.0021 0.0494 0.9485 
6.79 0.0000 0.0000 0.0000 0.0000 0.0000 0.0000 0.0019 0.0465 0.9516 
6.80 0.0000 0.0000 0.0000 0.0000 0.0000 0.0000 0.0017 0.0437 0.9545 
6.81 0.0000 0.0000 0.0000 0.0000 0.0000 0.0000 0.0015 0.0412 0.9573 
6.82 0.0000 0.0000 0.0000 0.0000 0.0000 0.0000 0.0014 0.0388 0.9598 
6.83 0.0000 0.0000 0.0000 0.0000 0.0000 0.0000 0.0012 0.0366 0.9621 
6.84 0.0000 0.0000 0.0000 0.0000 0.0000 0.0000 0.0011 0.0346 0.9643 
6.85 0.0000 0.0000 0.0000 0.0000 0.0000 0.0000 0.0010 0.0326 0.9664 
6.86 0.0000 0.0000 0.0000 0.0000 0.0000 0.0000 0.0009 0.0308 0.9683 
6.87 0.0000 0.0000 0.0000 0.0000 0.0000 0.0000 0.0008 0.0292 0.9700 
6.88 0.0000 0.0000 0.0000 0.0000 0.0000 0.0000 0.0007 0.0276 0.9717 
6.89 0.0000 0.0000 0.0000 0.0000 0.0000 0.0000 0.0007 0.0261 0.9732 
6.90 0.0000 0.0000 0.0000 0.0000 0.0000 0.0000 0.0006 0.0247 0.9747 
6.91 0.0000 0.0000 0.0000 0.0000 0.0000 0.0000 0.0005 0.0234 0.9760 
6.92 0.0000 0.0000 0.0000 0.0000 0.0000 0.0000 0.0005 0.0222 0.9773 
6.93 0.0000 0.0000 0.0000 0.0000 0.0000 0.0000 0.0004 0.0211 0.9785 
6.94 0.0000 0.0000 0.0000 0.0000 0.0000 0.0000 0.0004 0.0200 0.9796 
6.95 0.0000 0.0000 0.0000 0.0000 0.0000 0.0000 0.0004 0.0190 0.9806 
6.96 0.0000 0.0000 0.0000 0.0000 0.0000 0.0000 0.0003 0.0181 0.9816 
6.97 0.0000 0.0000 0.0000 0.0000 0.0000 0.0000 0.0003 0.0172 0.9825 
6.98 0.0000 0.0000 0.0000 0.0000 0.0000 0.0000 0.0003 0.0164 0.9834 
6.99 0.0000 0.0000 0.0000 0.0000 0.0000 0.0000 0.0002 0.0156 0.9842 
7.00 0.0000 0.0000 0.0000 0.0000 0.0000 0.0000 0.0002 0.0148 0.9849 
